2st LOOP: 
    trimmed_Bottle_115_t:
    MAX:    0.44166666666666665
    MIN:    0.06666666666666667
    MEAN:   0.1265151515151515
    LEADING_TIME_MEAN:   0.1265151515151515
